05/31_22:47:44		50		100		0.025		0.05
05/31_23:21:36		200		400		0.125		0.25
05/31_23:54:08		120		200		0.185		0.35
06/01_00:26:29		100		150		0.235		0.425
06/01_01:05:59		100		100		0.285		0.475
06/01_01:37:49		20		100		0.295		0.525
06/01_02:35:47		100		100		0.345		0.575
06/01_03:07:08		0		40		0.345		0.595
06/01_04:28:49		50		100		0.37		0.645
06/01_05:00:22		50		0		0.395		0.645
06/01_05:32:33		0		50		0.395		0.67
06/01_06:04:05		20		0		0.405		0.67
06/01_06:37:07		20		50		0.415		0.695
06/01_07:08:14		20		0		0.425		0.695
06/01_07:39:24		0		20		0.425		0.705
06/01_08:10:49		20		0		0.435		0.705
06/01_08:47:25		20		20		0.445		0.715
06/01_09:18:42		0		20		0.445		0.725
06/01_09:50:15		20		0		0.455		0.725
06/01_10:22:55		0		0		0.455		0.725
06/01_10:55:21		20		50		0.465		0.75
06/01_11:25:55		0		0		0.465		0.75
06/01_11:57:19		20		0		0.475		0.75
06/01_12:35:36		0		20		0.475		0.76
06/01_13:07:51		20		20		0.485		0.77
06/01_13:39:15		20		20		0.495		0.78
06/01_14:09:49		0		0		0.495		0.78
06/01_14:41:47		20		20		0.505		0.79
06/01_15:12:55		0		20		0.505		0.8
